{
  "frames": [
    {
      "file_path": "image/undist/cam00_0000.png",
      "sharpness": 397.16834091214656,
      "transform_matrix": [
        [
          0.44227662729042067,
          0.27629459029305065,
          -0.8532600332588369,
          -3.7225063835022745
        ],
        [
          -0.888661588076227,
          0.26348719336718024,
          -0.3753066490342879,
          -1.3291976788095863
        ],
        [
          0.12112789454657147,
          0.9242487751323266,
          0.3620666166033483,
          2.19052063487362
        ],
        [
          0.0,
          0.0,
          0.0,
          1.0
        ]
      ],
      "camera_angle_x": 1.0941292456265566,
      "camera_angle_y": 0.6579119623916092,
      "fl_x": 1050.7759955811405,
      "fl_y": 1054.6088855509197,
      "is_fisheye": false,
      "cx": 605.933575783192,
      "cy": 340.78853377020636,
      "w": 1280.0,
      "h": 720.0,
      "aabb_scale": 4
    },
    {
      "file_path": "image/undist/cam01_0000.png",
      "sharpness": 545.2126041591316,
      "transform_matrix": [
        [
          0.9676821024951202,
          0.1318567855982252,
          -0.21495380115688473,
          -0.27431172519802477
        ],
        [
          -0.2513170598092376,
          0.4340829797692001,
          -0.8651079135712229,
          -3.8600665699292134
        ],
        [
          -0.020762562160192077,
          0.891171001991335,
          0.4531921901928491,
          2.1264362902585874
        ],
        [
          0.0,
          0.0,
          0.0,
          1.0
        ]
      ],
      "camera_angle_x": 1.07861163768647,
      "camera_angle_y": 0.6491544434444564,
      "fl_x": 1069.3643091791246,
      "fl_y": 1069.9095378920715,
      "is_fisheye": false,
      "cx": 685.3646202596138,
      "cy": 338.30030288926133,
      "w": 1280.0,
      "h": 720.0,
      "aabb_scale": 4
    },
    {
      "file_path": "image/undist/cam02_0000.png",
      "sharpness": 601.8580793721528,
      "transform_matrix": [
        [
          0.8266263522104734,
          -0.2611278062860028,
          -0.49849888931163333,
          -1.8780455741443387
        ],
        [
          -0.5626197931982618,
          -0.40262112989113086,
          -0.7220493016870495,
          -2.422331705249489
        ],
        [
          -0.012159035884244107,
          0.8773303223837595,
          -0.47973290829571147,
          -2.1206731075473786
        ],
        [
          0.0,
          0.0,
          0.0,
          1.0
        ]
      ],
      "camera_angle_x": 1.0857208827621612,
      "camera_angle_y": 0.6539888594891421,
      "fl_x": 1060.7889138998532,
      "fl_y": 1061.4142622646555,
      "is_fisheye": false,
      "cx": 652.8422420616018,
      "cy": 323.7072771608099,
      "w": 1280.0,
      "h": 720.0,
      "aabb_scale": 4
    },
    {
      "file_path": "image/undist/cam03_0000.png",
      "sharpness": 613.6532004993521,
      "transform_matrix": [
        [
          0.6207623941387125,
          -0.313040374683153,
          -0.7187904937260029,
          -3.641223900410364
        ],
        [
          -0.7508025684141431,
          -0.5013294440673666,
          -0.4300747513791678,
          -1.1376788195486007
        ],
        [
          -0.22572007730706636,
          0.8066439811658962,
          -0.5462379832809252,
          -2.0735178173026014
        ],
        [
          0.0,
          0.0,
          0.0,
          1.0
        ]
      ],
      "camera_angle_x": 1.0875001089667393,
      "camera_angle_y": 0.6575252520810382,
      "fl_x": 1058.6585495400848,
      "fl_y": 1055.2762313758599,
      "is_fisheye": false,
      "cx": 629.0224930514053,
      "cy": 350.43885291581205,
      "w": 1280.0,
      "h": 720.0,
      "aabb_scale": 4
    },
    {
      "file_path": "image/undist/cam04_0000.png",
      "sharpness": 482.38112304526476,
      "transform_matrix": [
        [
          0.9946530002693942,
          -0.0891139372343041,
          -0.05219305772953428,
          -0.28882909926922323
        ],
        [
          -0.03382999365837498,
          0.19634966009888014,
          -0.9799501734823814,
          -3.364566294825749
        ],
        [
          0.09757530739716966,
          0.9764760709807658,
          0.19228505458771758,
          -0.07283057324281128
        ],
        [
          0.0,
          0.0,
          0.0,
          1.0
        ]
      ],
      "camera_angle_x": 1.0899052838327563,
      "camera_angle_y": 0.6557341239179431,
      "fl_x": 1055.7886490111268,
      "fl_y": 1058.3770735053226,
      "is_fisheye": false,
      "cx": 624.4509063316652,
      "cy": 361.59664288409414,
      "w": 1280.0,
      "h": 720.0,
      "aabb_scale": 4
    },
    {
      "file_path": "image/undist/cam05_0000.png",
      "sharpness": 549.6486672260789,
      "transform_matrix": [
        [
          0.9631601549590868,
          -0.25202970057844826,
          -0.09382721329652668,
          -0.1782929375754187
        ],
        [
          -0.19270004935692023,
          -0.4034168319136112,
          -0.8944951373297944,
          -3.7318660288466696
        ],
        [
          0.1875878644947386,
          0.8796225837139768,
          -0.4371211540798944,
          -2.1323251131767265
        ],
        [
          0.0,
          0.0,
          0.0,
          1.0
        ]
      ],
      "camera_angle_x": 1.0905793825421288,
      "camera_angle_y": 0.6565619388420942,
      "fl_x": 1054.9863437503489,
      "fl_y": 1056.9419147298267,
      "is_fisheye": false,
      "cx": 670.0279043924971,
      "cy": 358.3967346715049,
      "w": 1280.0,
      "h": 720.0,
      "aabb_scale": 4
    },
    {
      "file_path": "image/undist/cam06_0000.png",
      "sharpness": 443.7294758384598,
      "transform_matrix": [
        [
          0.7063794811491071,
          0.3186348364670621,
          -0.6320600205918679,
          -1.970230872064493
        ],
        [
          -0.7074457030019413,
          0.3473541365232325,
          -0.6155206585845108,
          -2.6372076590526885
        ],
        [
          0.023422338293370978,
          0.8819393090545192,
          0.47078068061762635,
          2.1851501242287963
        ],
        [
          0.0,
          0.0,
          0.0,
          1.0
        ]
      ],
      "camera_angle_x": 1.0883537950958933,
      "camera_angle_y": 0.6564942655780919,
      "fl_x": 1057.6386092052046,
      "fl_y": 1057.059106972092,
      "is_fisheye": false,
      "cx": 632.8346762999437,
      "cy": 365.98357802669796,
      "w": 1280.0,
      "h": 720.0,
      "aabb_scale": 4
    },
    {
      "file_path": "image/undist/cam07_0000.png",
      "sharpness": 638.0418218277723,
      "transform_matrix": [
        [
          0.24037970921409513,
          0.10172127300390274,
          -0.9653343348529972,
          -3.507754322079609
        ],
        [
          -0.9700884262852373,
          0.059858802651946055,
          -0.23525596471190438,
          -1.18950697823435
        ],
        [
          0.033853221230857045,
          0.9930104261249791,
          0.11306747122346562,
          -0.038530265784010025
        ],
        [
          0.0,
          0.0,
          0.0,
          1.0
        ]
      ],
      "camera_angle_x": 1.093642150791399,
      "camera_angle_y": 0.6592361416393903,
      "fl_x": 1051.3522652092975,
      "fl_y": 1052.3294651221975,
      "is_fisheye": false,
      "cx": 644.548305632757,
      "cy": 392.88092359219763,
      "w": 1280.0,
      "h": 720.0,
      "aabb_scale": 4
    },
    {
      "file_path": "image/undist/cam08_0000.png",
      "sharpness": 589.6101212587663,
      "transform_matrix": [
        [
          0.9293290660297007,
          -0.1251649418713099,
          0.3473920327068271,
          1.1935615824182606
        ],
        [
          0.367355753635941,
          0.40863236456480184,
          -0.835505440377721,
          -3.6925174426282403
        ],
        [
          -0.03737963787792304,
          0.9040759525510997,
          0.42573399526044947,
          2.2623055474695755
        ],
        [
          0.0,
          0.0,
          0.0,
          1.0
        ]
      ],
      "camera_angle_x": 1.0803531760931242,
      "camera_angle_y": 0.6499611354727122,
      "fl_x": 1067.2542123254518,
      "fl_y": 1068.483507202619,
      "is_fisheye": false,
      "cx": 688.5438421491191,
      "cy": 361.2080441306852,
      "w": 1280.0,
      "h": 720.0,
      "aabb_scale": 4
    },
    {
      "file_path": "image/undist/cam09_0000.png",
      "sharpness": 502.0210079950868,
      "transform_matrix": [
        [
          0.3658601691958753,
          -0.49390272209851005,
          0.7888006324345292,
          3.8795657729396167
        ],
        [
          0.9282641335520951,
          0.25456020860586975,
          -0.27115456580211844,
          -0.16806044379496451
        ],
        [
          -0.0668732753818699,
          0.8314199909347799,
          0.5516056233788755,
          2.4677387358527914
        ],
        [
          0.0,
          0.0,
          0.0,
          1.0
        ]
      ],
      "camera_angle_x": 1.085670711584459,
      "camera_angle_y": 0.6556516036847774,
      "fl_x": 1060.849077645196,
      "fl_y": 1058.5203279020407,
      "is_fisheye": false,
      "cx": 649.8263077072551,
      "cy": 379.30073780752025,
      "w": 1280.0,
      "h": 720.0,
      "aabb_scale": 4
    },
    {
      "file_path": "image/undist/cam10_0000.png",
      "sharpness": 653.096762145243,
      "transform_matrix": [
        [
          0.5352627640917043,
          -0.5602667292737153,
          0.6321352430258161,
          2.4494241323973855
        ],
        [
          0.8415616716635773,
          0.2894153525906509,
          -0.4560841002179926,
          -1.9391215707198644
        ],
        [
          0.07257910285758677,
          0.776105627979228,
          0.6264122668633199,
          2.2558266719244915
        ],
        [
          0.0,
          0.0,
          0.0,
          1.0
        ]
      ],
      "camera_angle_x": 1.0897116758931478,
      "camera_angle_y": 0.6590228878017765,
      "fl_x": 1056.0192441043237,
      "fl_y": 1052.6959604964377,
      "is_fisheye": false,
      "cx": 573.1473710684802,
      "cy": 392.45025825393003,
      "w": 1280.0,
      "h": 720.0,
      "aabb_scale": 4
    },
    {
      "file_path": "image/undist/cam11_0000.png",
      "sharpness": 589.6196070735188,
      "transform_matrix": [
        [
          0.9208455569832315,
          0.09791134585843932,
          0.377434535470586,
          1.34567951653071
        ],
        [
          0.3854185645448984,
          -0.3753291656596456,
          -0.8429593984940232,
          -3.466843597371505
        ],
        [
          0.059126900078740496,
          0.9217056936912227,
          -0.38335704497732653,
          -2.0939437141885593
        ],
        [
          0.0,
          0.0,
          0.0,
          1.0
        ]
      ],
      "camera_angle_x": 1.1018658543350281,
      "camera_angle_y": 0.6645107321623306,
      "fl_x": 1041.6843656174178,
      "fl_y": 1043.3367508988745,
      "is_fisheye": false,
      "cx": 644.6644390923956,
      "cy": 349.0371060395945,
      "w": 1280.0,
      "h": 720.0,
      "aabb_scale": 4
    },
    {
      "file_path": "image/undist/cam12_0000.png",
      "sharpness": 541.0167730026758,
      "transform_matrix": [
        [
          0.6010846286075555,
          0.37163014136394584,
          0.707522654980741,
          2.7260633373559218
        ],
        [
          0.7962115257709389,
          -0.35477359667629055,
          -0.4900845858940106,
          -1.8205176097338824
        ],
        [
          0.06888015310139355,
          0.8579200039381102,
          -0.5091451574757918,
          -2.0596163583136122
        ],
        [
          0.0,
          0.0,
          0.0,
          1.0
        ]
      ],
      "camera_angle_x": 1.056526116421763,
      "camera_angle_y": 0.6317033510989752,
      "fl_x": 1096.667560191322,
      "fl_y": 1101.6187945547913,
      "is_fisheye": false,
      "cx": 634.9650716353132,
      "cy": 337.01418877233544,
      "w": 1280.0,
      "h": 720.0,
      "aabb_scale": 4
    },
    {
      "file_path": "image/undist/cam13_0000.png",
      "sharpness": 511.60998046875,
      "transform_matrix": [
        [
          0.2304272186464301,
          0.36006655801092724,
          0.9040217755886744,
          4.0480267281209485
        ],
        [
          0.9519913153497286,
          -0.27582198834382676,
          -0.1327959571853475,
          -0.01017852532817211
        ],
        [
          0.20153370042749044,
          0.8912206823091694,
          -0.406337129789868,
          -1.9033816188776425
        ],
        [
          0.0,
          0.0,
          0.0,
          1.0
        ]
      ],
      "camera_angle_x": 1.0710769158734301,
      "camera_angle_y": 0.6464426440403318,
      "fl_x": 1078.5648292355809,
      "fl_y": 1074.7284922430886,
      "is_fisheye": false,
      "cx": 679.5795907173093,
      "cy": 333.0359335561735,
      "w": 1280.0,
      "h": 720.0,
      "aabb_scale": 4
    },
    {
      "file_path": "image/undist/cam14_0000.png",
      "sharpness": 522.2063628472222,
      "transform_matrix": [
        [
          0.06160517083813768,
          -0.16927311631222383,
          0.9836419140365145,
          3.8349759600046855
        ],
        [
          0.9978930307905536,
          -0.00965195478198935,
          -0.06415870064575253,
          -0.17807691871645354
        ],
        [
          0.020354410472799518,
          0.9855219185245533,
          0.16832185274490052,
          0.2166603924378404
        ],
        [
          0.0,
          0.0,
          0.0,
          1.0
        ]
      ],
      "camera_angle_x": 1.0804808791197411,
      "camera_angle_y": 0.6493308792572039,
      "fl_x": 1067.0997249180618,
      "fl_y": 1069.5973512840455,
      "is_fisheye": false,
      "cx": 651.5793482966084,
      "cy": 364.5545638335924,
      "w": 1280.0,
      "h": 720.0,
      "aabb_scale": 4
    },
    {
      "file_path": "image/undist/cam15_0000.png",
      "sharpness": 587.0484819763077,
      "transform_matrix": [
        [
          0.5862997219481734,
          -0.18781415376115856,
          0.7880218776911846,
          2.4139142908298403
        ],
        [
          0.8042633844803261,
          0.0184490297139001,
          -0.5939865669246134,
          -1.8049587205831505
        ],
        [
          0.09702084537571402,
          0.9820313014253045,
          0.16186870794873104,
          0.11750180102498063
        ],
        [
          0.0,
          0.0,
          0.0,
          1.0
        ]
      ],
      "camera_angle_x": 1.0867768032356906,
      "camera_angle_y": 0.6548490046301607,
      "fl_x": 1059.5238458621805,
      "fl_y": 1059.9154480661607,
      "is_fisheye": false,
      "cx": 656.0323952333206,
      "cy": 368.53264877086093,
      "w": 1280.0,
      "h": 720.0,
      "aabb_scale": 4
    },
    {
      "file_path": "image/undist/cam16_0000.png",
      "sharpness": 485.73466904719646,
      "transform_matrix": [
        [
          0.9510141383499053,
          -0.0678350527564558,
          0.30161318655785185,
          1.0929030775338149
        ],
        [
          0.3043393760237936,
          0.03403446021071053,
          -0.9519554609957521,
          -3.200557188708674
        ],
        [
          0.05431070692151427,
          0.9971158714839268,
          0.053012130479933944,
          0.009854882156015233
        ],
        [
          0.0,
          0.0,
          0.0,
          1.0
        ]
      ],
      "camera_angle_x": 1.0956809207178555,
      "camera_angle_y": 0.6603974423682609,
      "fl_x": 1048.9433160577948,
      "fl_y": 1050.3376707931577,
      "is_fisheye": false,
      "cx": 675.6927693109724,
      "cy": 355.2988146539208,
      "w": 1280.0,
      "h": 720.0,
      "aabb_scale": 4
    },
    {
      "file_path": "image/undist/cam17_0000.png",
      "sharpness": 715.0566276041667,
      "transform_matrix": [
        [
          -0.4801520762756483,
          -0.23801945796753654,
          0.844275263943277,
          3.6324459078960496
        ],
        [
          0.8534429730579297,
          -0.3491755300475073,
          0.38692575638500176,
          1.3006656778717816
        ],
        [
          0.2027044039849556,
          0.9063239966318027,
          0.37079338959041197,
          2.5709251772738715
        ],
        [
          0.0,
          0.0,
          0.0,
          1.0
        ]
      ],
      "camera_angle_x": 1.0663460864673548,
      "camera_angle_y": 0.6379204819111864,
      "fl_x": 1084.4014909549223,
      "fl_y": 1090.1299519007196,
      "is_fisheye": false,
      "cx": 637.9595123109411,
      "cy": 317.2256693411585,
      "w": 1280.0,
      "h": 720.0,
      "aabb_scale": 4
    },
    {
      "file_path": "image/undist/cam18_0000.png",
      "sharpness": 664.6415928819445,
      "transform_matrix": [
        [
          -0.9788369333692554,
          -0.1438707425276508,
          0.14553167128250638,
          0.023541231134711908
        ],
        [
          0.19942540501719327,
          -0.5110733771366613,
          0.8360822393855029,
          3.7160678880293116
        ],
        [
          -0.04591040987188053,
          0.8474108877329487,
          0.5289489783018196,
          2.434859767615222
        ],
        [
          0.0,
          0.0,
          0.0,
          1.0
        ]
      ],
      "camera_angle_x": 1.0846853126620442,
      "camera_angle_y": 0.6540968467728708,
      "fl_x": 1062.0317530700402,
      "fl_y": 1061.2258844039275,
      "is_fisheye": false,
      "cx": 657.6410878515018,
      "cy": 320.5224324525741,
      "w": 1280.0,
      "h": 720.0,
      "aabb_scale": 4
    },
    {
      "file_path": "image/undist/cam19_0000.png",
      "sharpness": 697.9837131069605,
      "transform_matrix": [
        [
          -0.8131368377051851,
          -0.3241194793522669,
          0.48348220887711313,
          1.7789411140491078
        ],
        [
          0.5784263329171135,
          -0.35712186082834546,
          0.7334077678253631,
          2.494921763184953
        ],
        [
          -0.0650496777488716,
          0.876019714189389,
          0.4778681824580878,
          2.6640120336405704
        ],
        [
          0.0,
          0.0,
          0.0,
          1.0
        ]
      ],
      "camera_angle_x": 1.096466189482225,
      "camera_angle_y": 0.6588379896179134,
      "fl_x": 1048.0176123140325,
      "fl_y": 1053.0139092285592,
      "is_fisheye": false,
      "cx": 642.3398832198307,
      "cy": 343.91299291074256,
      "w": 1280.0,
      "h": 720.0,
      "aabb_scale": 4
    },
    {
      "file_path": "image/undist/cam20_0000.png",
      "sharpness": 445.2862999123985,
      "transform_matrix": [
        [
          -0.8458242159643395,
          0.3032607329534456,
          0.4388784838270325,
          1.9331037611211932
        ],
        [
          0.531711621382848,
          0.4126689859577223,
          0.7395857352025317,
          2.6758479413538745
        ],
        [
          0.04317577325986862,
          0.8589163148418086,
          -0.5102926775209169,
          -1.7488322440362214
        ],
        [
          0.0,
          0.0,
          0.0,
          1.0
        ]
      ],
      "camera_angle_x": 1.0822746698449488,
      "camera_angle_y": 0.6509755506414068,
      "fl_x": 1064.933175632681,
      "fl_y": 1066.6951126412864,
      "is_fisheye": false,
      "cx": 716.2249956871132,
      "cy": 386.9346202910335,
      "w": 1280.0,
      "h": 720.0,
      "aabb_scale": 4
    },
    {
      "file_path": "image/undist/cam21_0000.png",
      "sharpness": 488.37719184027776,
      "transform_matrix": [
        [
          -0.5117536998172193,
          0.274540637659249,
          0.8140857381299013,
          3.7470405549280623
        ],
        [
          0.8473768069234828,
          0.31751137892746534,
          0.42560436010426794,
          1.3481398456251747
        ],
        [
          -0.14163579286522598,
          0.9076419792801617,
          -0.3951269918106287,
          -1.8049834918818208
        ],
        [
          0.0,
          0.0,
          0.0,
          1.0
        ]
      ],
      "camera_angle_x": 1.06737676226539,
      "camera_angle_y": 0.6416958988760003,
      "fl_x": 1083.125914109343,
      "fl_y": 1083.2582013419883,
      "is_fisheye": false,
      "cx": 614.1418638085266,
      "cy": 340.7132179749288,
      "w": 1280.0,
      "h": 720.0,
      "aabb_scale": 4
    },
    {
      "file_path": "image/undist/cam22_0000.png",
      "sharpness": 444.23029296875,
      "transform_matrix": [
        [
          -0.970422465605689,
          0.22899675747523093,
          0.07642462523998274,
          0.1966315746301903
        ],
        [
          0.14786227627328094,
          0.3135573361600208,
          0.9379864307097078,
          3.882341550051805
        ],
        [
          0.1908323492810113,
          0.9215434238453103,
          -0.3381430650846473,
          -1.7528821267864267
        ],
        [
          0.0,
          0.0,
          0.0,
          1.0
        ]
      ],
      "camera_angle_x": 1.0890206848217363,
      "camera_angle_y": 0.6557973061258632,
      "fl_x": 1056.8428441587316,
      "fl_y": 1058.2674132395018,
      "is_fisheye": false,
      "cx": 657.9750804640715,
      "cy": 336.0098511636524,
      "w": 1280.0,
      "h": 720.0,
      "aabb_scale": 4
    },
    {
      "file_path": "image/undist/cam23_0000.png",
      "sharpness": 431.08987196180556,
      "transform_matrix": [
        [
          -0.9944267495764819,
          -0.049468647285737695,
          0.09310366637216126,
          0.08032824322498261
        ],
        [
          0.0988808775504772,
          -0.1312244273149817,
          0.9864090032692951,
          3.7179997995358107
        ],
        [
          -0.03657884376159292,
          0.9901176711081081,
          0.13538458397472125,
          0.32281644621203964
        ],
        [
          0.0,
          0.0,
          0.0,
          1.0
        ]
      ],
      "camera_angle_x": 1.0668425469563265,
      "camera_angle_y": 0.6399004011898756,
      "fl_x": 1083.786787524596,
      "fl_y": 1086.5164766170528,
      "is_fisheye": false,
      "cx": 625.2954427025988,
      "cy": 341.62337871416656,
      "w": 1280.0,
      "h": 720.0,
      "aabb_scale": 4
    },
    {
      "file_path": "image/undist/cam24_0000.png",
      "sharpness": 527.0214605034722,
      "transform_matrix": [
        [
          -0.3742342200720696,
          -0.045878836697214966,
          0.9261986184938011,
          3.553980786032187
        ],
        [
          0.9227151198190303,
          -0.11798646207764411,
          0.36698229170325714,
          1.3190829748035542
        ],
        [
          0.09244217754546177,
          0.9919548009555574,
          0.08648766791491842,
          0.3053131372820694
        ],
        [
          0.0,
          0.0,
          0.0,
          1.0
        ]
      ],
      "camera_angle_x": 1.0693896191687087,
      "camera_angle_y": 0.6418382206419899,
      "fl_x": 1080.6411822158295,
      "fl_y": 1083.0006840667577,
      "is_fisheye": false,
      "cx": 639.6058431619913,
      "cy": 315.47606605475386,
      "w": 1280.0,
      "h": 720.0,
      "aabb_scale": 4
    },
    {
      "file_path": "image/undist/cam25_0000.png",
      "sharpness": 539.2256684027777,
      "transform_matrix": [
        [
          -0.8884540358650956,
          -0.13562233698141624,
          0.43847007639768104,
          1.7044386921590389
        ],
        [
          0.4572218692716393,
          -0.1783390024772524,
          0.8712883348554531,
          2.304233240654378
        ],
        [
          -0.0399698441168562,
          0.9745777454547324,
          0.22045550493270144,
          0.24122544115464797
        ],
        [
          0.0,
          0.0,
          0.0,
          1.0
        ]
      ],
      "camera_angle_x": 1.1062205360510897,
      "camera_angle_y": 0.6668343827633136,
      "fl_x": 1036.6171822230683,
      "fl_y": 1039.4186106670304,
      "is_fisheye": false,
      "cx": 588.848543282804,
      "cy": 370.3415260266279,
      "w": 1280.0,
      "h": 720.0,
      "aabb_scale": 4
    },
    {
      "file_path": "image/undist/cam26_0000.png",
      "sharpness": 656.3586371527778,
      "transform_matrix": [
        [
          -0.9277019680678534,
          0.16027799023559697,
          -0.33716468426947627,
          -1.4668263796451024
        ],
        [
          -0.3732244825446814,
          -0.37758093046002383,
          0.8474291277636257,
          3.680324111593699
        ],
        [
          0.008517282260329797,
          0.9119997844431557,
          0.4101022422616375,
          2.6082422991442544
        ],
        [
          0.0,
          0.0,
          0.0,
          1.0
        ]
      ],
      "camera_angle_x": 1.0637582917285318,
      "camera_angle_y": 0.6367299309293442,
      "fl_x": 1087.614018058572,
      "fl_y": 1092.3132298043743,
      "is_fisheye": false,
      "cx": 685.7879666542624,
      "cy": 330.9824335712592,
      "w": 1280.0,
      "h": 720.0,
      "aabb_scale": 4
    },
    {
      "file_path": "image/undist/cam27_0000.png",
      "sharpness": 584.6738747723604,
      "transform_matrix": [
        [
          -0.5094361551012553,
          0.43088937924927506,
          -0.7448551179627418,
          -2.7141307099405236
        ],
        [
          -0.856367892042505,
          -0.3386793297532463,
          0.38978243300152643,
          1.9447354129990357
        ],
        [
          -0.08431392151659677,
          0.836439271241135,
          0.5415353249729692,
          2.4280572608238957
        ],
        [
          0.0,
          0.0,
          0.0,
          1.0
        ]
      ],
      "camera_angle_x": 1.071337929432525,
      "camera_angle_y": 0.6459779243756272,
      "fl_x": 1078.2441585324998,
      "fl_y": 1075.5582318419517,
      "is_fisheye": false,
      "cx": 638.390661690369,
      "cy": 316.96072474053585,
      "w": 1280.0,
      "h": 720.0,
      "aabb_scale": 4
    },
    {
      "file_path": "image/undist/cam28_0000.png",
      "sharpness": 667.7210340391265,
      "transform_matrix": [
        [
          -0.29328311701381493,
          0.42240366101151705,
          -0.8576480399722219,
          -4.002353806251643
        ],
        [
          -0.9386575753524229,
          -0.29744937037056945,
          0.1744873299116137,
          0.11297313131766674
        ],
        [
          -0.18140278253450046,
          0.8562120177019794,
          0.4837292747611344,
          2.2028328051636112
        ],
        [
          0.0,
          0.0,
          0.0,
          1.0
        ]
      ],
      "camera_angle_x": 1.087595685455074,
      "camera_angle_y": 0.6567445346480432,
      "fl_x": 1058.5442880751405,
      "fl_y": 1056.6258230986807,
      "is_fisheye": false,
      "cx": 670.4163061724989,
      "cy": 402.7190231077105,
      "w": 1280.0,
      "h": 720.0,
      "aabb_scale": 4
    },
    {
      "file_path": "image/undist/cam29_0000.png",
      "sharpness": 652.3171777341092,
      "transform_matrix": [
        [
          -0.6242727045731253,
          -0.42688986806927975,
          -0.6542542555415397,
          -2.4749907405157976
        ],
        [
          -0.7798951225624045,
          0.2920550298518748,
          0.5535950300911441,
          1.9691706903694097
        ],
        [
          -0.04524586322651689,
          0.8558439694857826,
          -0.5152513093483543,
          -1.8633652405952619
        ],
        [
          0.0,
          0.0,
          0.0,
          1.0
        ]
      ],
      "camera_angle_x": 1.1079933256836187,
      "camera_angle_y": 0.6701555224693732,
      "fl_x": 1034.564558044632,
      "fl_y": 1033.8639191491955,
      "is_fisheye": false,
      "cx": 655.8471723964383,
      "cy": 326.99014423672696,
      "w": 1280.0,
      "h": 720.0,
      "aabb_scale": 4
    },
    {
      "file_path": "image/undist/cam30_0000.png",
      "sharpness": 466.71630859375,
      "transform_matrix": [
        [
          -0.9185873164390038,
          -0.21171719378505968,
          -0.3337261931024213,
          -1.2778912628386772
        ],
        [
          -0.38902442108330015,
          0.3354655567609781,
          0.8579760253223112,
          3.8419987780552427
        ],
        [
          -0.06969463324127358,
          0.917953533741828,
          -0.39051756428839696,
          -1.8726263897966675
        ],
        [
          0.0,
          0.0,
          0.0,
          1.0
        ]
      ],
      "camera_angle_x": 1.0859522448351813,
      "camera_angle_y": 0.6544926197571675,
      "fl_x": 1060.5115362805977,
      "fl_y": 1060.5359925817552,
      "is_fisheye": false,
      "cx": 660.4040053533982,
      "cy": 325.3738771489983,
      "w": 1280.0,
      "h": 720.0,
      "aabb_scale": 4
    },
    {
      "file_path": "image/undist/cam31_0000.png",
      "sharpness": 785.3906302086633,
      "transform_matrix": [
        [
          -0.21942974237638813,
          -0.49509847769385246,
          -0.8406712113396819,
          -3.8812239333795255
        ],
        [
          -0.9754521457237347,
          0.09495938975534762,
          0.19868524278434857,
          0.26702740109130413
        ],
        [
          -0.018539136029059457,
          0.863631988587623,
          -0.503781786841258,
          -2.04755552812181
        ],
        [
          0.0,
          0.0,
          0.0,
          1.0
        ]
      ],
      "camera_angle_x": 1.0690881427804069,
      "camera_angle_y": 0.6448728807992159,
      "fl_x": 1081.0127958982648,
      "fl_y": 1077.5358803185143,
      "is_fisheye": false,
      "cx": 659.1699427780214,
      "cy": 368.727050491843,
      "w": 1280.0,
      "h": 720.0,
      "aabb_scale": 4
    },
    {
      "file_path": "image/undist/cam32_0000.png",
      "sharpness": 479.4975041537783,
      "transform_matrix": [
        [
          -0.0610611037606799,
          0.14519333465392778,
          -0.9875173098275623,
          -3.7562043932929825
        ],
        [
          -0.9980497298438613,
          0.003976739294006346,
          0.06229704891248513,
          0.4219617350420024
        ],
        [
          0.012972215160205271,
          0.9893953108571647,
          0.1446673443358214,
          0.02260269990409126
        ],
        [
          0.0,
          0.0,
          0.0,
          1.0
        ]
      ],
      "camera_angle_x": 1.0894332678405294,
      "camera_angle_y": 0.6561075524745517,
      "fl_x": 1056.350968813177,
      "fl_y": 1057.7292390694465,
      "is_fisheye": false,
      "cx": 639.8798367412878,
      "cy": 352.5572892193362,
      "w": 1280.0,
      "h": 720.0,
      "aabb_scale": 4
    },
    {
      "file_path": "image/undist/cam33_0000.png",
      "sharpness": 569.6357085414359,
      "transform_matrix": [
        [
          -0.6305080016252566,
          0.10522624975545165,
          -0.7690169674840701,
          -2.6794015339139396
        ],
        [
          -0.7752779244729808,
          -0.1332032498174243,
          0.6174147990313851,
          2.277384008083118
        ],
        [
          -0.03746731538803018,
          0.9854868495466931,
          0.1655653033628559,
          0.26418285487866305
        ],
        [
          0.0,
          0.0,
          0.0,
          1.0
        ]
      ],
      "camera_angle_x": 1.0354296774364615,
      "camera_angle_y": 0.6191919044879318,
      "fl_x": 1123.7306632332757,
      "fl_y": 1125.414800717426,
      "is_fisheye": false,
      "cx": 603.3662570152176,
      "cy": 383.17943001808396,
      "w": 1280.0,
      "h": 720.0,
      "aabb_scale": 4
    },
    {
      "file_path": "image/undist/cam34_0000.png",
      "sharpness": 526.3984874131944,
      "transform_matrix": [
        [
          -0.9478936906678522,
          -0.04439995245256519,
          -0.31547772574898836,
          -1.3820484317461434
        ],
        [
          -0.30071689036193194,
          -0.20229009849615742,
          0.9320129118748766,
          3.7100293507118143
        ],
        [
          -0.10519934918752795,
          0.9783186394528584,
          0.17839769241533288,
          0.27216300456694625
        ],
        [
          0.0,
          0.0,
          0.0,
          1.0
        ]
      ],
      "camera_angle_x": 1.0942573798625548,
      "camera_angle_y": 0.6573627086148989,
      "fl_x": 1050.6244797515392,
      "fl_y": 1055.5569584289824,
      "is_fisheye": false,
      "cx": 652.2421023385061,
      "cy": 368.645151581142,
      "w": 1280.0,
      "h": 720.0,
      "aabb_scale": 4
    },
    {
      "file_path": "image/undist/cam35_0000.png",
      "sharpness": 765.1557028970608,
      "transform_matrix": [
        [
          -0.555318757974695,
          0.7283253201769121,
          -0.40145149776791994,
          -1.8510245704434676
        ],
        [
          -0.8316343567032842,
          -0.4849854336380074,
          0.2705058703793499,
          1.1632995782729112
        ],
        [
          0.0023181459241719987,
          0.48407784205771887,
          0.8750218677597169,
          3.3506563776217684
        ],
        [
          0.0,
          0.0,
          0.0,
          1.0
        ]
      ],
      "camera_angle_x": 1.0934565990948812,
      "camera_angle_y": 0.661632969347745,
      "fl_x": 1051.5719080453132,
      "fl_y": 1048.2259640661732,
      "is_fisheye": false,
      "cx": 681.2130628446711,
      "cy": 341.5306158263271,
      "w": 1280.0,
      "h": 720.0,
      "aabb_scale": 4
    },
    {
      "file_path": "image/undist/cam36_0000.png",
      "sharpness": 678.1084352280914,
      "transform_matrix": [
        [
          -0.9892504960508718,
          0.08738912565005068,
          -0.11724588184959817,
          -0.5910613097484229
        ],
        [
          -0.1394966785278431,
          -0.804473994386523,
          0.5773753276989881,
          2.8598267456750186
        ],
        [
          -0.04386493783739057,
          0.587524240422845,
          0.8080167907745283,
          3.452127324581505
        ],
        [
          0.0,
          0.0,
          0.0,
          1.0
        ]
      ],
      "camera_angle_x": 1.0900014425704951,
      "camera_angle_y": 0.6578498615560626,
      "fl_x": 1055.6741473343511,
      "fl_y": 1054.7160019769856,
      "is_fisheye": false,
      "cx": 666.5208894712995,
      "cy": 339.7867711391758,
      "w": 1280.0,
      "h": 720.0,
      "aabb_scale": 4
    },
    {
      "file_path": "image/undist/cam37_0000.png",
      "sharpness": 748.6309754113012,
      "transform_matrix": [
        [
          -0.12580718815042805,
          -0.8107357298893604,
          0.5717343156746099,
          2.958882032573117
        ],
        [
          0.9919425610672024,
          -0.11146716408046185,
          0.06020819608093461,
          0.35468458977981054
        ],
        [
          0.014916666980734065,
          0.5747022251928288,
          0.8182266467392052,
          3.531702597983262
        ],
        [
          0.0,
          0.0,
          0.0,
          1.0
        ]
      ],
      "camera_angle_x": 1.0833348974280483,
      "camera_angle_y": 0.6530700718652592,
      "fl_x": 1063.6556657124752,
      "fl_y": 1063.0194660550144,
      "is_fisheye": false,
      "cx": 618.5344164627429,
      "cy": 387.42192211429307,
      "w": 1280.0,
      "h": 720.0,
      "aabb_scale": 4
    },
    {
      "file_path": "image/undist/cam38_0000.png",
      "sharpness": 618.8783181421932,
      "transform_matrix": [
        [
          -0.7843653787622942,
          -0.5584169730625557,
          0.270076723958585,
          1.131276545970124
        ],
        [
          0.6189627031979943,
          -0.6760296531495191,
          0.39983631665019326,
          1.5645402405233264
        ],
        [
          -0.040695511642801656,
          0.4807851830845137,
          0.875893534105606,
          3.507480264720413
        ],
        [
          0.0,
          0.0,
          0.0,
          1.0
        ]
      ],
      "camera_angle_x": 1.096643261077928,
      "camera_angle_y": 0.662283626683683,
      "fl_x": 1047.8090382523797,
      "fl_y": 1047.116941041089,
      "is_fisheye": false,
      "cx": 658.7061338229245,
      "cy": 341.8559333399463,
      "w": 1280.0,
      "h": 720.0,
      "aabb_scale": 4
    },
    {
      "file_path": "image/undist/cam39_0000.png",
      "sharpness": 728.9154275041319,
      "transform_matrix": [
        [
          0.14343251298087184,
          0.772595521220198,
          -0.6184846601492621,
          -3.15766573988881
        ],
        [
          -0.9849622678035799,
          0.05062141484817076,
          -0.16518717674813577,
          -0.5196208181155488
        ],
        [
          -0.09631430435997325,
          0.6328772653355442,
          0.7682381934182555,
          3.2963586237176656
        ],
        [
          0.0,
          0.0,
          0.0,
          1.0
        ]
      ],
      "camera_angle_x": 1.0914382478062488,
      "camera_angle_y": 0.6588268367613336,
      "fl_x": 1053.965421869817,
      "fl_y": 1053.033093047951,
      "is_fisheye": false,
      "cx": 670.1540773251401,
      "cy": 395.6083269895731,
      "w": 1280.0,
      "h": 720.0,
      "aabb_scale": 4
    },
    {
      "file_path": "image/undist/cam40_0000.png",
      "sharpness": 763.1122958241735,
      "transform_matrix": [
        [
          0.9327993332053127,
          -0.3356408233431197,
          0.13126553891536877,
          0.309864521167749
        ],
        [
          0.33915029161754323,
          0.6943061481230303,
          -0.6347566875380815,
          -3.138931204643412
        ],
        [
          0.12191178652220971,
          0.636619360685617,
          0.7614809951250829,
          3.327124995779456
        ],
        [
          0.0,
          0.0,
          0.0,
          1.0
        ]
      ],
      "camera_angle_x": 1.0824665461797875,
      "camera_angle_y": 0.6524080157312726,
      "fl_x": 1064.7018093067757,
      "fl_y": 1064.1788393251554,
      "is_fisheye": false,
      "cx": 666.3280990147455,
      "cy": 357.8778210403435,
      "w": 1280.0,
      "h": 720.0,
      "aabb_scale": 4
    },
    {
      "file_path": "image/undist/cam41_0000.png",
      "sharpness": 644.730961362818,
      "transform_matrix": [
        [
          0.704785603050839,
          -0.6477230914211887,
          0.2893649090707259,
          1.6711766593491306
        ],
        [
          0.703381789892908,
          0.5849076692891224,
          -0.4039023100377577,
          -1.3843999438621073
        ],
        [
          0.09236509835119865,
          0.48819854082795383,
          0.867831131827798,
          3.4520605801811866
        ],
        [
          0.0,
          0.0,
          0.0,
          1.0
        ]
      ],
      "camera_angle_x": 1.080574046565783,
      "camera_angle_y": 0.6507531592506914,
      "fl_x": 1066.9870373216834,
      "fl_y": 1067.086724173576,
      "is_fisheye": false,
      "cx": 675.9578621646896,
      "cy": 356.0776143466002,
      "w": 1280.0,
      "h": 720.0,
      "aabb_scale": 4
    },
    {
      "file_path": "image/undist/cam42_0000.png",
      "sharpness": 707.0174576820928,
      "transform_matrix": [
        [
