{
  "frames": [
    {
      "file_path": "image/undist/cam00_0001.png",
      "sharpness": 397.16834091214656,
      "transform_matrix": [
        [
          0.4421573879453538,
          0.2768344465979195,
          -0.8531468416935196,
          -3.7222003088858204
        ],
        [
          -0.8888045693559968,
          0.26303212282054045,
          -0.37528727643825377,
          -1.3302085120694396
        ],
        [
          0.12051257936026157,
          0.9242168531079014,
          0.36235331746342114,
          2.193600979592367
        ],
        [
          0.0,
          0.0,
          0.0,
          1.0
        ]
      ],
      "camera_angle_x": 1.0941292456265566,
      "camera_angle_y": 0.6579119623916092,
      "fl_x": 1050.7759955811405,
      "fl_y": 1054.6088855509197,
      "is_fisheye": false,
      "cx": 605.933575783192,
      "cy": 340.78853377020636,
      "w": 1280.0,
      "h": 720.0,
      "aabb_scale": 4
    },
    {
      "file_path": "image/undist/cam01_0001.png",
      "sharpness": 545.2126041591316,
      "transform_matrix": [
        [
          0.9684270763139441,
          0.1290892679434017,
          -0.21327203003048534,
          -0.27309566286944686
        ],
        [
          -0.24857980158819276,
          0.4351756889863485,
          -0.8653497570102233,
          -3.8765647159477497
        ],
        [
          -0.01889656403741668,
          0.8910432540796817,
          0.45352490478049157,
          2.138126234996549
        ],
        [
          0.0,
          0.0,
          0.0,
          1.0
        ]
      ],
      "camera_angle_x": 1.07861163768647,
      "camera_angle_y": 0.6491544434444564,
      "fl_x": 1069.3643091791246,
      "fl_y": 1069.9095378920715,
      "is_fisheye": false,
      "cx": 685.3646202596138,
      "cy": 338.30030288926133,
      "w": 1280.0,
      "h": 720.0,
      "aabb_scale": 4
    },
    {
      "file_path": "image/undist/cam02_0001.png",
      "sharpness": 601.8580793721528,
      "transform_matrix": [
        [
          0.8268445554776743,
          -0.2612046524432779,
          -0.4980965876698772,
          -1.874595960055691
        ],
        [
          -0.5623063367468909,
          -0.4025281941758471,
          -0.722345233629907,
          -2.4210805127192057
        ],
        [
          -0.01181798426554897,
          0.8773500911609124,
          -0.47970527703718346,
          -2.116926719256613
        ],
        [
          0.0,
          0.0,
          0.0,
          1.0
        ]
      ],
      "camera_angle_x": 1.0857208827621612,
      "camera_angle_y": 0.6539888594891421,
      "fl_x": 1060.7889138998532,
      "fl_y": 1061.4142622646555,
      "is_fisheye": false,
      "cx": 652.8422420616018,
      "cy": 323.7072771608099,
      "w": 1280.0,
      "h": 720.0,
      "aabb_scale": 4
    },
    {
      "file_path": "image/undist/cam03_0001.png",
      "sharpness": 613.6532004993521,
      "transform_matrix": [
        [
          0.6214587880689459,
          -0.3126427267901744,
          -0.718361677810379,
          -3.6429895437943247
        ],
        [
          -0.7502665825591908,
          -0.5015160774068794,
          -0.4307919209982825,
          -1.1431982586609217
        ],
        [
          -0.22558596995480543,
          0.8066821861857655,
          -0.5462369638532218,
          -2.0735328811884495
        ],
        [
          0.0,
          0.0,
          0.0,
          1.0
        ]
      ],
      "camera_angle_x": 1.0875001089667393,
      "camera_angle_y": 0.6575252520810382,
      "fl_x": 1058.6585495400848,
      "fl_y": 1055.2762313758599,
      "is_fisheye": false,
      "cx": 629.0224930514053,
      "cy": 350.43885291581205,
      "w": 1280.0,
      "h": 720.0,
      "aabb_scale": 4
    },
    {
      "file_path": "image/undist/cam04_0001.png",
      "sharpness": 482.38112304526476,
      "transform_matrix": [
        [
          0.9946116190106539,
          -0.08823593152615569,
          -0.05442561663572023,
          -0.2916399857667323
        ],
        [
          -0.03619728682894763,
          0.19637438749246722,
          -0.979860631091586,
          -3.3554108598883348
        ],
        [
          0.0971467126809122,
          0.9765508283510097,
          0.1921223461540368,
          -0.07424681332270014
        ],
        [
          0.0,
          0.0,
          0.0,
          1.0
        ]
      ],
      "camera_angle_x": 1.0899052838327563,
      "camera_angle_y": 0.6557341239179431,
      "fl_x": 1055.7886490111268,
      "fl_y": 1058.3770735053226,
      "is_fisheye": false,
      "cx": 624.4509063316652,
      "cy": 361.59664288409414,
      "w": 1280.0,
      "h": 720.0,
      "aabb_scale": 4
    },
    {
      "file_path": "image/undist/cam05_0001.png",
      "sharpness": 549.6486672260789,
      "transform_matrix": [
        [
          0.9632722786298304,
          -0.2515787998308035,
          -0.09388623290157515,
          -0.17726171612030403
        ],
        [
          -0.19254265034049306,
          -0.4033973048086848,
          -0.8945378372505931,
          -3.725277682902713
        ],
        [
          0.18717330218761097,
          0.8797606049223332,
          -0.4370210898850973,
          -2.128802118982355
        ],
        [
          0.0,
          0.0,
          0.0,
          1.0
        ]
      ],
      "camera_angle_x": 1.0905793825421288,
      "camera_angle_y": 0.6565619388420942,
      "fl_x": 1054.9863437503489,
      "fl_y": 1056.9419147298267,
      "is_fisheye": false,
      "cx": 670.0279043924971,
      "cy": 358.3967346715049,
      "w": 1280.0,
      "h": 720.0,
      "aabb_scale": 4
    },
    {
      "file_path": "image/undist/cam06_0001.png",
      "sharpness": 443.7294758384598,
      "transform_matrix": [
        [
          0.7069228220807129,
          0.3190869883907178,
          -0.6312239044036944,
          -1.9655706203916894
        ],
        [
          -0.7069248266437455,
          0.3474576670957299,
          -0.6160604345769372,
          -2.6390142893672075
        ],
        [
          0.022746716503334083,
          0.8817350301773682,
          0.47119626852927704,
          2.185117381127611
        ],
        [
          0.0,
          0.0,
          0.0,
          1.0
        ]
      ],
      "camera_angle_x": 1.0883537950958933,
      "camera_angle_y": 0.6564942655780919,
      "fl_x": 1057.6386092052046,
      "fl_y": 1057.059106972092,
      "is_fisheye": false,
      "cx": 632.8346762999437,
      "cy": 365.98357802669796,
      "w": 1280.0,
      "h": 720.0,
      "aabb_scale": 4
    },
    {
      "file_path": "image/undist/cam07_0001.png",
      "sharpness": 638.0418218277723,
      "transform_matrix": [
        [
          0.24162359772102784,
          0.1016316134961404,
          -0.9650331870935736,
          -3.512120191497418
        ],
        [
          -0.9697962621037048,
          0.059486511022189326,
          -0.2365514003681024,
          -1.1992153638127179
        ],
        [
          0.03336535682663858,
          0.9930419780522607,
          0.11293530368917847,
          -0.03716546696177612
        ],
        [
          0.0,
          0.0,
          0.0,
          1.0
        ]
      ],
      "camera_angle_x": 1.093642150791399,
      "camera_angle_y": 0.6592361416393903,
      "fl_x": 1051.3522652092975,
      "fl_y": 1052.3294651221975,
      "is_fisheye": false,
      "cx": 644.548305632757,
      "cy": 392.88092359219763,
      "w": 1280.0,
      "h": 720.0,
      "aabb_scale": 4
    },
    {
      "file_path": "image/undist/cam08_0001.png",
      "sharpness": 589.6101212587663,
      "transform_matrix": [
        [
          0.9290352551373188,
          -0.1262155158830598,
          0.34779755360233894,
          1.1970622153529846
        ],
        [
          0.36818428725450525,
          0.408163381105059,
          -0.8353699689022818,
          -3.69875454278312
        ],
        [
          -0.03652157384018162,
          0.9041417465751233,
          0.42566874065851323,
          2.267768161572401
        ],
        [
          0.0,
          0.0,
          0.0,
          1.0
        ]
      ],
      "camera_angle_x": 1.0803531760931242,
      "camera_angle_y": 0.6499611354727122,
      "fl_x": 1067.2542123254518,
      "fl_y": 1068.483507202619,
      "is_fisheye": false,
      "cx": 688.5438421491191,
      "cy": 361.2080441306852,
      "w": 1280.0,
      "h": 720.0,
      "aabb_scale": 4
    },
    {
      "file_path": "image/undist/cam09_0001.png",
      "sharpness": 502.0210079950868,
      "transform_matrix": [
        [
          0.36610735543756484,
          -0.4932945864910633,
          0.7890664454040516,
          3.8783901727424963
        ],
        [
          0.9281603854631805,
          0.25458393694499626,
          -0.27148723341337283,
          -0.17055988070620168
        ],
        [
          -0.06696045963790503,
          0.831773689182317,
          0.5510615454362618,
          2.4694724507339387
        ],
        [
          0.0,
          0.0,
          0.0,
          1.0
        ]
      ],
      "camera_angle_x": 1.085670711584459,
      "camera_angle_y": 0.6556516036847774,
      "fl_x": 1060.849077645196,
      "fl_y": 1058.5203279020407,
      "is_fisheye": false,
      "cx": 649.8263077072551,
      "cy": 379.30073780752025,
      "w": 1280.0,
      "h": 720.0,
      "aabb_scale": 4
    },
    {
      "file_path": "image/undist/cam10_0001.png",
      "sharpness": 653.096762145243,
      "transform_matrix": [
        [
          0.5355962113840329,
          -0.5603840393613145,
          0.631748705427743,
          2.4473510519996804
        ],
        [
          0.8413057167435716,
          0.28933849793126,
          -0.45660477942033006,
          -1.943045586737594
        ],
        [
          0.07308480918476545,
          0.7760495873790814,
          0.6264228991860583,
          2.2552966787338304
        ],
        [
          0.0,
          0.0,
          0.0,
          1.0
        ]
      ],
      "camera_angle_x": 1.0897116758931478,
      "camera_angle_y": 0.6590228878017765,
      "fl_x": 1056.0192441043237,
      "fl_y": 1052.6959604964377,
      "is_fisheye": false,
      "cx": 573.1473710684802,
      "cy": 392.45025825393003,
      "w": 1280.0,
      "h": 720.0,
      "aabb_scale": 4
    },
    {
      "file_path": "image/undist/cam11_0001.png",
      "sharpness": 589.6196070735188,
      "transform_matrix": [
        [
          0.9207850269507644,
          0.09832457751056005,
          0.37747478277377905,
          1.3440790434956782
        ],
        [
          0.38563477999018125,
          -0.37498379990178876,
          -0.8430142147515433,
          -3.472510571196343
        ],
        [
          0.058657911910771854,
          0.9218022712566847,
          -0.38319684511458085,
          -2.0950681299179092
        ],
        [
          0.0,
          0.0,
          0.0,
          1.0
        ]
      ],
      "camera_angle_x": 1.1018658543350281,
      "camera_angle_y": 0.6645107321623306,
      "fl_x": 1041.6843656174178,
      "fl_y": 1043.3367508988745,
      "is_fisheye": false,
      "cx": 644.6644390923956,
      "cy": 349.0371060395945,
      "w": 1280.0,
      "h": 720.0,
      "aabb_scale": 4
    },
    {
      "file_path": "image/undist/cam12_0001.png",
      "sharpness": 541.0167730026758,
      "transform_matrix": [
        [
          0.6019630368052966,
          0.3716891195873066,
          0.7067444380609016,
          2.7236499619039645
        ],
        [
          0.7955635145473607,
          -0.3552984169566583,
          -0.4907562829237792,
          -1.8242661212241893
        ],
        [
          0.06869640930408268,
          0.8576772314306081,
          -0.5095788163412366,
          -2.0610787865648734
        ],
        [
          0.0,
          0.0,
          0.0,
          1.0
        ]
      ],
      "camera_angle_x": 1.056526116421763,
      "camera_angle_y": 0.6317033510989752,
      "fl_x": 1096.667560191322,
      "fl_y": 1101.6187945547913,
      "is_fisheye": false,
      "cx": 634.9650716353132,
      "cy": 337.01418877233544,
      "w": 1280.0,
      "h": 720.0,
      "aabb_scale": 4
    },
    {
      "file_path": "image/undist/cam13_0001.png",
      "sharpness": 511.60998046875,
      "transform_matrix": [
        [
          0.2310896137944031,
          0.3608314674978882,
          0.9035475872853271,
          4.048894962011192
        ],
        [
          0.9523883771559839,
          -0.27373142372371695,
          -0.13426647654719803,
          -0.017537509863102513
        ],
        [
          0.19888179770144573,
          0.8915558085487045,
          -0.40690818474883195,
          -1.9048063424786699
        ],
        [
          0.0,
          0.0,
          0.0,
          1.0
        ]
      ],
      "camera_angle_x": 1.0710769158734301,
      "camera_angle_y": 0.6464426440403318,
      "fl_x": 1078.5648292355809,
      "fl_y": 1074.7284922430886,
      "is_fisheye": false,
      "cx": 679.5795907173093,
      "cy": 333.0359335561735,
      "w": 1280.0,
      "h": 720.0,
      "aabb_scale": 4
    },
    {
      "file_path": "image/undist/cam14_0001.png",
      "sharpness": 522.2063628472222,
      "transform_matrix": [
        [
          0.06213008781728388,
          -0.16966581480977377,
          0.983541236299838,
          3.8273889732603847
        ],
        [
          0.9978882810307372,
          -0.00814339653727217,
          -0.06444116443995727,
          -0.1769943919807265
        ],
        [
          0.018942828969944456,
          0.9854680088197942,
          0.16880157834821283,
          0.2161772976492214
        ],
        [
          0.0,
          0.0,
          0.0,
          1.0
        ]
      ],
      "camera_angle_x": 1.0804808791197411,
      "camera_angle_y": 0.6493308792572039,
      "fl_x": 1067.0997249180618,
      "fl_y": 1069.5973512840455,
      "is_fisheye": false,
      "cx": 651.5793482966084,
      "cy": 364.5545638335924,
      "w": 1280.0,
      "h": 720.0,
      "aabb_scale": 4
    },
    {
      "file_path": "image/undist/cam15_0001.png",
      "sharpness": 587.0484819763077,
      "transform_matrix": [
        [
          0.5835309013474298,
          -0.18790148014881192,
          0.7900536190411406,
          2.430476126425582
        ],
        [
          0.8063013889824374,
          0.018093874278032645,
          -0.5912281132005005,
          -1.8059766128679025
        ],
        [
          0.09679750672012823,
          0.9820212042013012,
          0.1620635592021703,
          0.12034701505410857
        ],
        [
          0.0,
          0.0,
          0.0,
          1.0
        ]
      ],
      "camera_angle_x": 1.0867768032356906,
      "camera_angle_y": 0.6548490046301607,
      "fl_x": 1059.5238458621805,
      "fl_y": 1059.9154480661607,
      "is_fisheye": false,
      "cx": 656.0323952333206,
      "cy": 368.53264877086093,
      "w": 1280.0,
      "h": 720.0,
      "aabb_scale": 4
    },
    {
      "file_path": "image/undist/cam16_0001.png",
      "sharpness": 485.73466904719646,
      "transform_matrix": [
        [
          0.9507667634165407,
          -0.06762293775841959,
          0.30243958057902787,
          1.0960971400178416
        ],
        [
          0.305126969897939,
          0.033512786949285736,
          -0.951721821412021,
          -3.211095440586679
        ],
        [
          0.05422263226369844,
          0.9971479486160844,
          0.05249642607466396,
          0.011372072779994991
        ],
        [
          0.0,
          0.0,
          0.0,
          1.0
        ]
      ],
      "camera_angle_x": 1.0956809207178555,
      "camera_angle_y": 0.6603974423682609,
      "fl_x": 1048.9433160577948,
      "fl_y": 1050.3376707931577,
      "is_fisheye": false,
      "cx": 675.6927693109724,
      "cy": 355.2988146539208,
      "w": 1280.0,
      "h": 720.0,
      "aabb_scale": 4
    },
    {
      "file_path": "image/undist/cam17_0001.png",
      "sharpness": 715.0566276041667,
      "transform_matrix": [
        [
          -0.4810789297122197,
          -0.23763628902390235,
          0.8438554719591236,
          3.6330605280411663
        ],
        [
          0.8528998194834425,
          -0.3495262337383293,
          0.38780576304875963,
          1.3035420729652385
        ],
        [
          0.20279290254036283,
          0.9062893611277799,
          0.37082965444438,
          2.571372396957514
        ],
        [
          0.0,
          0.0,
          0.0,
          1.0
        ]
      ],
      "camera_angle_x": 1.0663460864673548,
      "camera_angle_y": 0.6379204819111864,
      "fl_x": 1084.4014909549223,
      "fl_y": 1090.1299519007196,
      "is_fisheye": false,
      "cx": 637.9595123109411,
      "cy": 317.2256693411585,
      "w": 1280.0,
      "h": 720.0,
      "aabb_scale": 4
    },
    {
      "file_path": "image/undist/cam18_0001.png",
      "sharpness": 664.6415928819445,
      "transform_matrix": [
        [
          -0.9791076574756252,
          -0.14341607576466617,
          0.14415278115360683,
          0.0270556300609426
        ],
        [
          0.19802393771209967,
          -0.5114174757237747,
          0.8362049303952578,
          3.7166734948974196
        ],
        [
          -0.04620297819621428,
          0.8472803519250565,
          0.5291325827021384,
          2.428866934933691
        ],
        [
          0.0,
          0.0,
          0.0,
          1.0
        ]
      ],
      "camera_angle_x": 1.0846853126620442,
      "camera_angle_y": 0.6540968467728708,
      "fl_x": 1062.0317530700402,
      "fl_y": 1061.2258844039275,
      "is_fisheye": false,
      "cx": 657.6410878515018,
      "cy": 320.5224324525741,
      "w": 1280.0,
      "h": 720.0,
      "aabb_scale": 4
    },
    {
      "file_path": "image/undist/cam19_0001.png",
      "sharpness": 697.9837131069605,
      "transform_matrix": [
        [
          -0.8134930700918314,
          -0.3235779420180406,
          0.48324563151817324,
          1.7751297898885294
        ],
        [
          0.5781113238187311,
          -0.359371569472497,
          0.7325567365927702,
          2.4812644479077535
        ],
        [
          -0.06337446019872651,
          0.8752996004338954,
          0.4794103537724916,
          2.6569861572826334
        ],
        [
          0.0,
          0.0,
          0.0,
          1.0
        ]
      ],
      "camera_angle_x": 1.096466189482225,
      "camera_angle_y": 0.6588379896179134,
      "fl_x": 1048.0176123140325,
      "fl_y": 1053.0139092285592,
      "is_fisheye": false,
      "cx": 642.3398832198307,
      "cy": 343.91299291074256,
      "w": 1280.0,
      "h": 720.0,
      "aabb_scale": 4
    },
    {
      "file_path": "image/undist/cam20_0001.png",
      "sharpness": 445.2862999123985,
      "transform_matrix": [
        [
          -0.8450248038539462,
          0.3026551304359363,
          0.4408321142134138,
          1.926860867123216
        ],
        [
          0.5331152005736431,
          0.4128780774454997,
          0.7384577686518393,
          2.6597338683432454
        ],
        [
          0.04148811650008365,
          0.8590294320976302,
          -0.5102422669759741,
          -1.7445144113955309
        ],
        [
          0.0,
          0.0,
          0.0,
          1.0
        ]
      ],
      "camera_angle_x": 1.0822746698449488,
      "camera_angle_y": 0.6509755506414068,
      "fl_x": 1064.933175632681,
      "fl_y": 1066.6951126412864,
      "is_fisheye": false,
      "cx": 716.2249956871132,
      "cy": 386.9346202910335,
      "w": 1280.0,
      "h": 720.0,
      "aabb_scale": 4
    },
    {
      "file_path": "image/undist/cam21_0001.png",
      "sharpness": 488.37719184027776,
      "transform_matrix": [
        [
          -0.5120707398970014,
          0.273929156614679,
          0.814092362405624,
          3.7388019536422132
        ],
        [
          0.8471454911616095,
          0.31761093057525636,
          0.4259903914217973,
          1.3524562278510288
        ],
        [
          -0.14187344414972905,
          0.9077918891254004,
          -0.39469711414287456,
          -1.8002205181398439
        ],
        [
          0.0,
          0.0,
          0.0,
          1.0
        ]
      ],
      "camera_angle_x": 1.06737676226539,
      "camera_angle_y": 0.6416958988760003,
      "fl_x": 1083.125914109343,
      "fl_y": 1083.2582013419883,
      "is_fisheye": false,
      "cx": 614.1418638085266,
      "cy": 340.7132179749288,
      "w": 1280.0,
      "h": 720.0,
      "aabb_scale": 4
    },
    {
      "file_path": "image/undist/cam22_0001.png",
      "sharpness": 444.23029296875,
      "transform_matrix": [
        [
          -0.9702615424793055,
          0.22947158599493903,
          0.07704109576134131,
          0.182020325435574
        ],
        [
          0.14862876331920546,
          0.31356766880745757,
          0.9378618276659314,
          3.848245657186126
        ],
        [
          0.19105504423835754,
          0.9214217863313716,
          -0.3383487280520883,
          -1.7444300583888797
        ],
        [
          0.0,
          0.0,
          0.0,
          1.0
        ]
      ],
      "camera_angle_x": 1.0890206848217363,
      "camera_angle_y": 0.6557973061258632,
      "fl_x": 1056.8428441587316,
      "fl_y": 1058.2674132395018,
      "is_fisheye": false,
      "cx": 657.9750804640715,
      "cy": 336.0098511636524,
      "w": 1280.0,
      "h": 720.0,
      "aabb_scale": 4
    },
    {
      "file_path": "image/undist/cam23_0001.png",
      "sharpness": 431.08987196180556,
      "transform_matrix": [
        [
          -0.9941504521255861,
          -0.04850480797678072,
          0.09649954492685574,
          0.10560898389417604
        ],
        [
          0.10216137421787305,
          -0.1324323777793777,
          0.985913139649552,
          3.726384770789098
        ],
        [
          -0.035041863331195036,
          0.9900045196602849,
          0.13661302608451673,
          0.32694806836323487
        ],
        [
          0.0,
          0.0,
          0.0,
          1.0
        ]
      ],
      "camera_angle_x": 1.0668425469563265,
      "camera_angle_y": 0.6399004011898756,
      "fl_x": 1083.786787524596,
      "fl_y": 1086.5164766170528,
      "is_fisheye": false,
      "cx": 625.2954427025988,
      "cy": 341.62337871416656,
      "w": 1280.0,
      "h": 720.0,
      "aabb_scale": 4
    },
    {
      "file_path": "image/undist/cam24_0001.png",
      "sharpness": 527.0214605034722,
      "transform_matrix": [
        [
          -0.374432633995803,
          -0.046511840693215914,
          0.9260868486830788,
          3.5694039921302565
        ],
        [
          0.9226686975393226,
          -0.11789102343294412,
          0.36712965172407946,
          1.3249005662906177
        ],
        [
          0.09210145050429198,
          0.9919366689957209,
          0.08705726590102413,
          0.3131643514358264
        ],
        [
          0.0,
          0.0,
          0.0,
          1.0
        ]
      ],
      "camera_angle_x": 1.0693896191687087,
      "camera_angle_y": 0.6418382206419899,
      "fl_x": 1080.6411822158295,
      "fl_y": 1083.0006840667577,
      "is_fisheye": false,
      "cx": 639.6058431619913,
      "cy": 315.47606605475386,
      "w": 1280.0,
      "h": 720.0,
      "aabb_scale": 4
    },
    {
      "file_path": "image/undist/cam25_0001.png",
      "sharpness": 539.2256684027777,
      "transform_matrix": [
        [
          -0.887960268717829,
          -0.13575423147908022,
          0.439428435406207,
          1.7005365474363225
        ],
        [
          0.4581685495258875,
          -0.17779249930249494,
          0.8709026394592781,
          2.3032990719089885
        ],
        [
          -0.04010163871744224,
          0.9746592306318191,
          0.22007099478542955,
          0.23900836583824822
        ],
        [
          0.0,
          0.0,
          0.0,
          1.0
        ]
      ],
      "camera_angle_x": 1.1062205360510897,
      "camera_angle_y": 0.6668343827633136,
      "fl_x": 1036.6171822230683,
      "fl_y": 1039.4186106670304,
      "is_fisheye": false,
      "cx": 588.848543282804,
      "cy": 370.3415260266279,
      "w": 1280.0,
      "h": 720.0,
      "aabb_scale": 4
    },
    {
      "file_path": "image/undist/cam26_0001.png",
      "sharpness": 656.3586371527778,
      "transform_matrix": [
        [
          -0.9276382805293883,
          0.16101009950481585,
          -0.33699105089511056,
          -1.4712939826725504
        ],
        [
          -0.3733760365305203,
          -0.3785248680160017,
          0.8469411193455241,
          3.681676716583486
        ],
        [
          0.00880658083789752,
          0.9114793865887886,
          0.41125147049847033,
          2.613227761740513
        ],
        [
          0.0,
          0.0,
          0.0,
          1.0
        ]
      ],
      "camera_angle_x": 1.0637582917285318,
      "camera_angle_y": 0.6367299309293442,
      "fl_x": 1087.614018058572,
      "fl_y": 1092.3132298043743,
      "is_fisheye": false,
      "cx": 685.7879666542624,
      "cy": 330.9824335712592,
      "w": 1280.0,
      "h": 720.0,
      "aabb_scale": 4
    },
    {
      "file_path": "image/undist/cam27_0001.png",
      "sharpness": 584.6738747723604,
      "transform_matrix": [
        [
          -0.5090969417573767,
          0.43105886759162,
          -0.74498896407489,
          -2.711775299674875
        ],
        [
          -0.8565718978180823,
          -0.33850426971639846,
          0.38948612716259434,
          1.9414234776321437
        ],
        [
          -0.08429049631359327,
          0.8364228070065576,
          0.5415644007687004,
          2.427244418605527
        ],
        [
          0.0,
          0.0,
          0.0,
          1.0
        ]
      ],
      "camera_angle_x": 1.071337929432525,
      "camera_angle_y": 0.6459779243756272,
      "fl_x": 1078.2441585324998,
      "fl_y": 1075.5582318419517,
      "is_fisheye": false,
      "cx": 638.390661690369,
      "cy": 316.96072474053585,
      "w": 1280.0,
      "h": 720.0,
      "aabb_scale": 4
    },
    {
      "file_path": "image/undist/cam28_0001.png",
      "sharpness": 667.7210340391265,
      "transform_matrix": [
        [
          -0.29324839327471386,
          0.4230691622615505,
          -0.8573318282990374,
          -3.999518755766972
        ],
        [
          -0.9386097581151086,
          -0.2978433483122687,
          0.1740720018763912,
          0.10958408354637052
        ],
        [
          -0.18170608634822846,
          0.8557463548485083,
          0.4844389273964095,
          2.206089888711651
        ],
        [
          0.0,
          0.0,
          0.0,
          1.0
        ]
      ],
      "camera_angle_x": 1.087595685455074,
      "camera_angle_y": 0.6567445346480432,
      "fl_x": 1058.5442880751405,
      "fl_y": 1056.6258230986807,
      "is_fisheye": false,
      "cx": 670.4163061724989,
      "cy": 402.7190231077105,
      "w": 1280.0,
      "h": 720.0,
      "aabb_scale": 4
    },
    {
      "file_path": "image/undist/cam29_0001.png",
      "sharpness": 652.3171777341092,
      "transform_matrix": [
        [
          -0.6242630359606878,
          -0.427354156784428,
          -0.6539603096837581,
          -2.475290512142694
        ],
        [
          -0.7798951625627708,
          0.2922941743295129,
          0.5534687444329967,
          1.9670900234351805
        ],
        [
          -0.04537837982041261,
          0.8555305607395075,
          -0.5157598882378316,
          -1.86511438033399
        ],
        [
          0.0,
          0.0,
          0.0,
          1.0
        ]
      ],
      "camera_angle_x": 1.1079933256836187,
      "camera_angle_y": 0.6701555224693732,
      "fl_x": 1034.564558044632,
      "fl_y": 1033.8639191491955,
      "is_fisheye": false,
      "cx": 655.8471723964383,
      "cy": 326.99014423672696,
      "w": 1280.0,
      "h": 720.0,
      "aabb_scale": 4
    },
    {
      "file_path": "image/undist/cam30_0001.png",
      "sharpness": 466.71630859375,
      "transform_matrix": [
        [
          -0.918337906058126,
          -0.21272605610214396,
          -0.33377105234196913,
          -1.2747850902546478
        ],
        [
          -0.38941477101008876,
          0.3347810402943532,
          0.858066309313337,
          3.8485544546496326
        ],
        [
          -0.07079284173116299,
          0.9179701956713788,
          -0.390280787956773,
          -1.871350018938567
        ],
        [
          0.0,
          0.0,
          0.0,
          1.0
        ]
      ],
      "camera_angle_x": 1.0859522448351813,
      "camera_angle_y": 0.6544926197571675,
      "fl_x": 1060.5115362805977,
      "fl_y": 1060.5359925817552,
      "is_fisheye": false,
      "cx": 660.4040053533982,
      "cy": 325.3738771489983,
      "w": 1280.0,
      "h": 720.0,
      "aabb_scale": 4
    },
    {
      "file_path": "image/undist/cam31_0001.png",
      "sharpness": 785.3906302086633,
      "transform_matrix": [
        [
          -0.21977313703962376,
          -0.4951688660565919,
          -0.8405400420880934,
          -3.8831962302908063
        ],
        [
          -0.9753874718032081,
          0.09575782996778309,
          0.198619530382156,
          0.2673213980262162
        ],
        [
          -0.01786191720464009,
          0.8635034638710906,
          -0.5040265070667271,
          -2.0483599526450504
        ],
        [
          0.0,
          0.0,
          0.0,
          1.0
        ]
      ],
      "camera_angle_x": 1.0690881427804069,
      "camera_angle_y": 0.6448728807992159,
      "fl_x": 1081.0127958982648,
      "fl_y": 1077.5358803185143,
      "is_fisheye": false,
      "cx": 659.1699427780214,
      "cy": 368.727050491843,
      "w": 1280.0,
      "h": 720.0,
      "aabb_scale": 4
    },
    {
      "file_path": "image/undist/cam32_0001.png",
      "sharpness": 479.4975041537783,
      "transform_matrix": [
        [
          -0.06005256902885681,
          0.1449679076890201,
          -0.9876122694270075,
          -3.7573596704305414
        ],
        [
          -0.9981215192838859,
          0.003301682937333689,
          0.06117623421091916,
          0.4165455192247873
        ],
        [
          0.012129373252518968,
          0.9894308488517678,
          0.1444973137274654,
          0.023591145477564992
        ],
        [
          0.0,
          0.0,
          0.0,
          1.0
        ]
      ],
      "camera_angle_x": 1.0894332678405294,
      "camera_angle_y": 0.6561075524745517,
      "fl_x": 1056.350968813177,
      "fl_y": 1057.7292390694465,
      "is_fisheye": false,
      "cx": 639.8798367412878,
      "cy": 352.5572892193362,
      "w": 1280.0,
      "h": 720.0,
      "aabb_scale": 4
    },
    {
      "file_path": "image/undist/cam33_0001.png",
      "sharpness": 569.6357085414359,
      "transform_matrix": [
        [
          -0.6292328169591775,
          0.10530380581620193,
          -0.7700501091303757,
          -2.682225715927238
        ],
        [
          -0.7763111974059344,
          -0.13297104812553884,
          0.6161652579808281,
          2.2835350144659
        ],
        [
          -0.03750982344314846,
          0.9855099232732274,
          0.16541827077062496,
          0.2637786965719192
        ],
        [
          0.0,
          0.0,
          0.0,
          1.0
        ]
      ],
      "camera_angle_x": 1.0354296774364615,
      "camera_angle_y": 0.6191919044879318,
      "fl_x": 1123.7306632332757,
      "fl_y": 1125.414800717426,
      "is_fisheye": false,
      "cx": 603.3662570152176,
      "cy": 383.17943001808396,
      "w": 1280.0,
      "h": 720.0,
      "aabb_scale": 4
    },
    {
      "file_path": "image/undist/cam34_0001.png",
      "sharpness": 526.3984874131944,
      "transform_matrix": [
        [
          -0.9473745389543994,
          -0.04439705823296085,
          -0.31703372721314665,
          -1.3858989639411188
        ],
        [
          -0.30223811467288525,
          -0.2023757748451533,
          0.9315021029470755,
          3.718635531453116
        ],
        [
          -0.1055158993054742,
          0.9783010513151585,
          0.17830717321211403,
          0.274559664579935
        ],
        [
          0.0,
          0.0,
          0.0,
          1.0
        ]
      ],
      "camera_angle_x": 1.0942573798625548,
      "camera_angle_y": 0.6573627086148989,
      "fl_x": 1050.6244797515392,
      "fl_y": 1055.5569584289824,
      "is_fisheye": false,
      "cx": 652.2421023385061,
      "cy": 368.645151581142,
      "w": 1280.0,
      "h": 720.0,
      "aabb_scale": 4
    },
    {
      "file_path": "image/undist/cam35_0001.png",
      "sharpness": 765.1557028970608,
      "transform_matrix": [
        [
          -0.556448762359951,
          0.7285110265340752,
          -0.3995453154722357,
          -1.843525728253235
        ],
        [
          -0.8308713228298238,
          -0.48545452951754603,
          0.27200504530235714,
          1.1678420047450058
        ],
        [
          0.004197591632154131,
          0.48332761561103477,
          0.8754294924445509,
          3.355693289617367
        ],
        [
          0.0,
          0.0,
          0.0,
          1.0
        ]
      ],
      "camera_angle_x": 1.0934565990948812,
      "camera_angle_y": 0.661632969347745,
      "fl_x": 1051.5719080453132,
      "fl_y": 1048.2259640661732,
      "is_fisheye": false,
      "cx": 681.2130628446711,
      "cy": 341.5306158263271,
      "w": 1280.0,
      "h": 720.0,
      "aabb_scale": 4
    },
    {
      "file_path": "image/undist/cam36_0001.png",
      "sharpness": 678.1084352280914,
      "transform_matrix": [
        [
          -0.9893350923582022,
          0.08795229513764109,
          -0.11610542122601895,
          -0.5811483738617651
        ],
        [
          -0.13930502645141635,
          -0.8041723185031058,
          0.5778416666862392,
          2.8714534449796814
        ],
        [
          -0.04254626496689268,
          0.587853107454491,
          0.807848091798791,
          3.4577748690659877
        ],
        [
          0.0,
          0.0,
          0.0,
          1.0
        ]
      ],
      "camera_angle_x": 1.0900014425704951,
      "camera_angle_y": 0.6578498615560626,
      "fl_x": 1055.6741473343511,
      "fl_y": 1054.7160019769856,
      "is_fisheye": false,
      "cx": 666.5208894712995,
      "cy": 339.7867711391758,
      "w": 1280.0,
      "h": 720.0,
      "aabb_scale": 4
    },
    {
      "file_path": "image/undist/cam37_0001.png",
      "sharpness": 748.6309754113012,
      "transform_matrix": [
        [
          -0.12576471262487074,
          -0.8106235666980842,
          0.5719026754628116,
          2.9580589618576667
        ],
        [
          0.9919581750508256,
          -0.11101652432604715,
          0.06078083806941466,
          0.3588732005322722
        ],
        [
          0.014220267539921103,
          0.5749476188916741,
          0.8180666351534999,
          3.525074483628519
        ],
        [
          0.0,
          0.0,
          0.0,
          1.0
        ]
      ],
      "camera_angle_x": 1.0833348974280483,
      "camera_angle_y": 0.6530700718652592,
      "fl_x": 1063.6556657124752,
      "fl_y": 1063.0194660550144,
      "is_fisheye": false,
      "cx": 618.5344164627429,
      "cy": 387.42192211429307,
      "w": 1280.0,
      "h": 720.0,
      "aabb_scale": 4
    },
    {
      "file_path": "image/undist/cam38_0001.png",
      "sharpness": 618.8783181421932,
      "transform_matrix": [
        [
          -0.7839983394553796,
          -0.5587916106934183,
          0.27036741589793006,
          1.1317197981068703
        ],
        [
          0.619430624842909,
          -0.6756965440241812,
          0.3996747194913907,
          1.5648174154714094
        ],
        [
          -0.04064855171905454,
          0.48081817377036234,
          0.8758776050594966,
          3.5103677862442817
        ],
        [
          0.0,
          0.0,
          0.0,
          1.0
        ]
      ],
      "camera_angle_x": 1.096643261077928,
      "camera_angle_y": 0.662283626683683,
      "fl_x": 1047.8090382523797,
      "fl_y": 1047.116941041089,
      "is_fisheye": false,
      "cx": 658.7061338229245,
      "cy": 341.8559333399463,
      "w": 1280.0,
      "h": 720.0,
      "aabb_scale": 4
    },
    {
      "file_path": "image/undist/cam39_0001.png",
      "sharpness": 728.9154275041319,
      "transform_matrix": [
        [
          0.1435472027422723,
          0.7728074037010861,
          -0.6181932686459122,
          -3.1557245094551933
        ],
        [
          -0.9848911982430897,
          0.05041354286406172,
          -0.16567378283604575,
          -0.5193509853890141
        ],
        [
          -0.09686861312770699,
          0.6326351171963298,
          0.7683679329007574,
          3.294635985799879
        ],
        [
          0.0,
          0.0,
          0.0,
          1.0
        ]
      ],
      "camera_angle_x": 1.0914382478062488,
      "camera_angle_y": 0.6588268367613336,
      "fl_x": 1053.965421869817,
      "fl_y": 1053.033093047951,
      "is_fisheye": false,
      "cx": 670.1540773251401,
      "cy": 395.6083269895731,
      "w": 1280.0,
      "h": 720.0,
      "aabb_scale": 4
    },
    {
      "file_path": "image/undist/cam40_0001.png",
      "sharpness": 763.1122958241735,
      "transform_matrix": [
        [
          0.932804393274879,
          -0.3354210646802746,
          0.13179026248284828,
          0.3126728661864541
        ],
        [
          0.33933430063986847,
          0.6943366345407904,
          -0.6346249840211472,
          -3.138165853847224
        ],
        [
          0.12135978049548704,
          0.6367019297276877,
          0.7615001355145044,
          3.3252396290005444
        ],
        [
          0.0,
          0.0,
          0.0,
          1.0
        ]
      ],
      "camera_angle_x": 1.0824665461797875,
      "camera_angle_y": 0.6524080157312726,
      "fl_x": 1064.7018093067757,
      "fl_y": 1064.1788393251554,
      "is_fisheye": false,
      "cx": 666.3280990147455,
      "cy": 357.8778210403435,
      "w": 1280.0,
      "h": 720.0,
      "aabb_scale": 4
    },
    {
      "file_path": "image/undist/cam41_0001.png",
      "sharpness": 644.730961362818,
      "transform_matrix": [
        [
          0.7046959623426091,
          -0.6476828114312263,
          0.2896732235882846,
          1.673339359248719
        ],
        [
          0.7034967320319198,
          0.5847979896124677,
          -0.40386094062888306,
          -1.3843175111339867
        ],
        [
          0.09217347065478272,
          0.488383340360572,
          0.8677475233010947,
          3.4551326027262808
        ],
        [
          0.0,
          0.0,
          0.0,
          1.0
        ]
      ],
      "camera_angle_x": 1.080574046565783,
      "camera_angle_y": 0.6507531592506914,
      "fl_x": 1066.9870373216834,
      "fl_y": 1067.086724173576,
      "is_fisheye": false,
      "cx": 675.9578621646896,
      "cy": 356.0776143466002,
      "w": 1280.0,
      "h": 720.0,
      "aabb_scale": 4
    },
    {
      "file_path": "image/undist/cam42_0001.png",
      "sharpness": 707.0174576820928,
      "transform_matrix": [
        [
          0.7739569781115169,
